138.0 27.0
149.24052694435505 -703.6546070159285
219.24058165015686 -888.6547478119229
1550.290919179996 -892.7825764259491
1664.6460888978438 -402.0535731588043
1553.0348586031039 -255.82365139471176
1346.9784905662304 -263.57994962123746
614.0385801155539 -242.24323000251132
524.886294893125 -12.295116122434393
971.4682617049577 74.87853369239633
1602.9595512244305 99.3949707947753
1651.947671888472 1246.8733217367
1217.0042008575595 1224.8456525160325
1165.8789183534977 558.188882031729
874.7254480068432 431.2987199464269
630.8337518622973 584.1919964556263
543.5215336622892 871.2467433085958
527.9118579293028 1235.416671167604
193.0112834762915 1263.4354269576022
-62.85552220898944 995.8498592426577
-586.3882535130136 456.38061273187077
-606.9609677640465 92.00299034362467
-573.2961585627787 -822.713195844614
-399.2961051594192 -925.738673907315
-194.32400207929086 -651.3264888971765
-76.39934974395769 228.9862657093022
89.51573923811793 149.9798577831283